V 2 36
0 1
-0.5 -0.5 -0.5 0 0 
0.5 -0.5 -0.5 1 0 
0.5 0.5 -0.5 1 1 
0.5 0.5 -0.5 1 1 
-0.5 0.5 -0.5 0 1 
-0.5 -0.5 -0.5 0 0 
-0.5 -0.5 0.5 0 0 
0.5 -0.5 0.5 1 0 
0.5 0.5 0.5 1 1 
0.5 0.5 0.5 1 1 
-0.5 0.5 0.5 0 1 
-0.5 -0.5 0.5 0 0 
-0.5 0.5 0.5 1 0 
-0.5 0.5 -0.5 1 1 
-0.5 -0.5 -0.5 0 1 
-0.5 -0.5 -0.5 0 1 
-0.5 -0.5 0.5 0 0 
-0.5 0.5 0.5 1 0 
0.5 0.5 0.5 1 0 
0.5 0.5 -0.5 1 1 
0.5 -0.5 -0.5 0 1 
0.5 -0.5 -0.5 0 1 
0.5 -0.5 0.5 0 0 
0.5 0.5 0.5 1 0 
-0.5 -0.5 -0.5 0 1 
0.5 -0.5 -0.5 1 1 
0.5 -0.5 0.5 1 0 
0.5 -0.5 0.5 1 0 
-0.5 -0.5 0.5 0 0 
-0.5 -0.5 -0.5 0 1 
-0.5 0.5 -0.5 0 1 
0.5 0.5 -0.5 1 1 
0.5 0.5 0.5 1 0 
0.5 0.5 0.5 1 0 
-0.5 0.5 0.5 0 0 
-0.5 0.5 -0.5 0 1 
M earth/earth.obj
0 0 0
20 20 20
M tree/tree.obj
-3.0 -0.5 -1.0
1.0 1.0 1.0
